{
    "defaultBrightness": 20,
    "displays": [
        {
            "name": "TestMatrix",
            "gpioPin": 25,
            "numberOfPixels": 64,
            "columnPixelMapping": [
                [56,57,58,59,60,61,62,63],
                [55,54,53,52,51,50,49,48],
                [40,41,42,43,44,45,46,47],
                [39,38,37,36,35,34,33,32],
                [24,25,26,27,28,29,30,31],
                [23,22,21,20,19,18,17,16],
                [8,9,10,11,12,13,14,15],
                [7,6,5,4,3,2,1,0]
            ],
            "rowPixelMapping": [
                [56,55,40,39,24,23,8,7],
                [57,54,41,38,25,22,9,6],
                [58,53,42,37,26,21,10,5],
                [59,52,43,36,27,20,11,4],
                [60,51,44,35,28,19,12,3],
                [61,50,45,34,29,18,13,2],
                [62,49,46,33,30,17,14,1],
                [63,48,47,32,31,16,15,0]
            ],
            "digitPixelMapping":
            [
                [0,1,2,3,4,5,6,7,8,9,10,11,12,13,14,15,16,17,18,19,20,21,22,23,24,25,26,27,28,29,30,31,32,33,34,35,36,37,38,39,40,41,42,43,44,45,46,47,48,49,50,51,52,53,54,55,56,57,58,59,60,61,62,63,64,65,66,67,68,69,70,71,72,73,74,75,76,77,78,79,80,81,82,83,84,85,86,87,88,89,90,91,92,93,94,95,96,97,98,99]
            ]
        }
    ]
}